27089.51 31331.06 25257.31 25391.08 25098.66 25124.45 25472.96 25415.97 25441.5 26233.18 26060.76 25494.16 26152.23 26087.17 26802.71 26084.13 26317.65 26867.27 26096.24 26660.82 26199.25 
26946.4 32487.61 28004.79 26651.06 27095.42 27347.49 27502.88 28109.99 27257.3 27594.46 27298.41 26971.09 27662.83 27155.26 27284.77 27331.39 27646.75 27991.71 27338.42 27445.99 27851.49 
34543.02 31039.01 26870.81 25812.62 26000.09 26183.78 26435.24 26498.48 26380.1 26323.77 26169.33 26146.53 26516.29 26749.94 26217.95 26199.3 26186.84 26542.53 26913.31 26546.17 26566.46 
33296.49 29723.29 28579.69 27881.83 28187.33 28171.32 28376.21 28618.58 28454.42 28576.64 28471.18 28647.8 28382.23 28470.85 28400.87 28384.16 28408.82 28260.92 28635.73 28443.66 28683.93 
28402.93 30766.7 27199.02 27201.14 26173.8 26157.96 26768.98 27071.68 26953.69 26574.06 27630.99 26626.61 26223.29 26802.88 26969.7 26262.14 26244.24 27236.88 27069.98 26919.59 27055.46 
33397.95 32972.08 30680.67 30244.37 30129.45 29838.78 30621.7 30855.46 29300.48 29589.4 30032.06 31130.2 31129.78 31145.66 30087.11 31776.21 30169.86 29904.11 30010.89 30458.84 30546.42 
33287.28 30180.67 28210.62 27160.82 26451.29 26413.8 26536.01 26285.81 26645.72 26990.47 26907.6 26919.16 27090.66 27015.68 26865.17 27199.82 27093.87 27230.33 26867.96 26781.83 27618.97 
28829.06 26734.81 25397.08 25120.19 25519.38 24698.12 24872.27 24833.58 24476.8 24647.11 24580.47 24647.09 24822.07 24753.18 24578.66 24678.36 24656.17 25186.77 24808.95 24437.57 25047.89 
31128.53 32084.18 28076.13 27460.15 27938.75 28276.95 27924.83 28878.31 28118.14 28766.17 28452.07 28358.71 28650.03 28662.77 28329.74 28762.79 28702.59 29062.26 28863.53 28384.7 28695.4 
28377.47 27644.47 26731.78 25422.92 25420.02 25508.99 25958.84 25933.1 26255.53 26298.24 26036.66 26061.11 25749.29 26143.1 25493.63 26087.14 25409.11 26015.22 25974.67 26184.46 25958.25 
29873.54 29997.87 25637.09 24950.36 24668.84 24821.38 26163.98 25705.65 25491.52 26351.86 26119.86 26264.04 26238.33 26161.42 26070.71 26541.3 26153.22 26461.77 26444.63 26035.14 26020.96 
31044.18 26442.65 25738.23 24542.07 24653.26 24491.14 24571.32 24113.14 24086.05 24520.67 24259.24 25342.63 25003.99 24731.87 24195.62 24814.73 24129.86 24168.63 24035.21 25068.77 24119.51 
29311.84 27985.14 24339.4 23987.08 23790.79 23042.38 23664.05 23779.04 23969.56 23710.63 24208.67 23760.29 23904.72 23829.96 23653.02 24360.3 24118.67 24286.1 23670.96 24172.21 24008.36 
28093.85 29288.55 24546.67 25273.92 24300.81 23591.46 24016.75 23696.36 23781 23511.04 23744.24 23929.65 23969.31 23928.89 23972.92 23958.97 24036.74 23694.58 23557.21 23884.75 23514.8 
32940.19 32078.77 29730.9 29188.06 29167.43 29167.23 29030.51 29109.96 29249.17 29210.56 29515.44 29401.77 29376.7 29600.2 29466.85 29424.15 29517.94 29558.75 29138.94 29676.62 29583.39 
28871.96 27869 25288.35 26539.94 25222.37 24789.23 25734.08 25509.57 25443.21 26118.75 25772.78 26064.1 25838.2 26118.57 26059.36 26416.89 26578.28 26806.32 26617.42 26437.1 26541.75 
31889.78 28911.56 26881.51 26502.92 26261.7 26138.51 26323.57 26503.18 26380.46 26728.12 26486.14 26364.51 26596.31 26865.59 26518.37 26501.34 26517.64 26618.31 26457.63 26567.43 26700.94 
33169.88 31782.36 29560.95 28853.33 29264.95 29265.62 29141.68 29398.19 29216.05 29465.34 29750.91 29168.2 29446.43 29522 29399.21 29314.86 29411 29474.12 29651.36 29266 29304.86 
33420.93 32919.96 31436.23 30726.88 31385.78 31355.8 31759.04 31544.01 31131.35 30942.32 31883.32 31477.98 31401.35 30783.39 31191.87 31488.54 31630.94 30948.63 31354.73 31479.84 30933.18 
34782.38 30937.12 27338.14 27400.46 27188.92 26925.49 26987.47 26749.7 27147.44 27260.83 27432.04 27288.13 27183.5 27410.76 27366.34 27031.25 27083.78 27166.8 26954.96 27350.56 27013.44 
32975.91 30324.77 27486.4 27130.1 27253.12 27095.3 27569.91 27959.13 27796.44 27871.78 28024.71 28074.12 28654.68 28323.22 28431.9 28105.69 27822.89 28607.69 28460.32 27975.11 28044.84 
