28361.53 29818.53 28625.33 29372.96 27921.37 28606.14 28065.04 28308.34 28321.61 27977.24 28921.54 28185.54 28917.09 28659.06 28490.41 28515.62 28409.91 28103.37 28885.34 29327.29 28705.74 
27844.81 29662.59 26580.68 26455.81 26306.19 26272.66 26670.92 26737.68 26566.98 26814.53 26732.44 26962.43 26916.24 26457.75 26866.48 26673.08 26837.46 26878.13 26684.07 26866.57 26657.68 
25766.96 26128.1 23579.46 24870.11 24374.49 24033.83 24643.45 24723.05 23857.82 24487.16 23768.75 24179.29 24690.07 24515.03 24252.01 24635.5 24417.64 24417.48 24397.9 24415.82 24250.26 
31095.8 29101.81 28583.36 27658.79 27666.97 28263.36 29436.09 28222.49 28891.44 30299.48 30000.38 29877.88 29813.25 31157.82 30428.06 30887.11 30477.02 29759.4 30581.18 30053.11 30973.93 
26429.21 27419.28 24559.84 24244.08 23733.17 23654.12 23734.83 23837.02 24150.96 23901.9 23725.66 23440.94 24006.3 23671.79 23856.16 23821.99 24019.47 23902.72 23882.78 24056.12 23884.81 
25224.41 29086.86 24359.91 24549.63 23694.8 23370.36 24276.67 24234.92 23762.76 23755.65 24466.13 23745.32 23266.76 23812.17 24321.83 23715.07 24033.96 24085.36 24220.99 24019.62 24283.52 
27788.91 24518.83 22670.37 23267.17 22382.08 22345.7 23039.63 22199.62 22816.81 22937.99 22566.6 22929.81 22402.25 22513.43 22766.11 22922.35 23208.32 22479.19 23183.61 22656.62 22361.71 
26561.33 32068.61 25751.19 26264.62 25554.18 25315.82 26601.78 26697.31 26991.68 27789.32 26817.73 27365.55 27362.22 27509.26 27031.9 27409.89 27676.4 27532.01 27545.02 27835.15 27466.37 
37009.04 26971.98 24760.05 26007.39 25624.91 23024.41 22773.76 22568.33 22329.84 23050.88 23096.44 23359.29 23676.23 23353.46 23470.86 23419.34 23084.73 23392.17 23748.89 23884.42 23301.27 
26010.3 30855 26997.9 26299.54 27173.52 26920.96 27220.86 27680.26 27589.56 27384.1 27238.4 27808.2 27474.07 27854.23 27497.07 27329.49 26966.51 27354.46 27183.04 27599.49 27275.57 
34555.45 26614.62 24144.65 24275.98 24234.3 24031.68 24987.96 24274.87 23427.32 24261.67 24659.6 23829.41 23597.09 24583.57 23693.75 24270.24 24523.04 24869.29 24024.63 24687.33 24850.85 
32576.39 26414.39 24426.95 24225.01 24086.43 23354.48 24167.98 24856.15 24565.05 27068.18 24471.77 24516.69 24123.51 25126.27 24409.01 24868.27 24537.18 24397.87 24583.11 24146.29 24672.74 
37065.96 33282.19 32532.01 31338.12 31426.19 31421.18 31446.41 31531.46 31261.39 31395.46 31477 31287.13 31585.17 31508.74 31822.38 31412.78 31575.44 31308.56 31380.95 31168.37 30899.91 
27718.47 25409.12 23258.69 23223.99 23596.39 22127.15 23471.65 23225.94 22979.84 23087.18 23485.6 23662.63 23141.82 24247.65 23929.29 22899.41 23782.03 23640.34 23324.52 24581.53 23400.31 
27247.24 28227.52 26887.16 27526.79 25998.79 24948.69 25483.42 26712.33 24759.83 26028.79 26066.79 25519.99 26065.08 25262.22 25863.75 26583.34 26136.64 25361.41 25877.92 25714.85 26520.67 
28697.81 26540.76 24694.08 25195.49 24415.27 23622.11 24231.1 24303.06 23483.66 23742.69 24451.22 23850.19 23686.27 24255.61 24084.49 24022.96 24256.86 23982.97 23834.5 23992.91 24240.83 
28311.67 27953.87 26052.22 26658.86 25769.8 25098.71 24716.6 24376.69 24515.58 25466.36 24302.78 25969.72 24793.94 25652.83 25508.3 26100.71 25605.75 25586.11 25977.06 26083.34 26104.7 
27609.01 26943.65 24657.31 24711.38 24256.74 23383.8 24146.12 23971.2 24110.98 23745.32 24521.19 23880.77 23981.87 24135.9 24562.35 23711.97 23757.28 24228.9 24309 23967.43 24637.25 
31910.7 32919.7 28797.52 27436.96 28802.25 28248.14 29175.26 28608.31 28943.42 28548.68 29261.95 29557.97 29468.75 28703.56 29321.36 28876.47 29605.52 29045.02 29474.36 28777.65 29160.34 
26690.68 25553.36 23472.38 23249.08 22582.65 22499.67 22938.16 22870.8 22685.89 23118 23331.71 23097.15 22958.37 23206.86 22784.93 22880.11 23293.25 22961.01 23504.1 23738.57 23261.1 
